a b c d
2.604929 1.424893 0.381010 1
3.593146 1.410277 0.385491 1
2.660397 1.602373 0.316073 1
2.848778 1.543718 0.247273 1
0.805961 0.166639 0.281955 1
1.366919 0.465701 0.238310 1
1.192087 0.579740 0.229724 1
1.083151 0.249180 0.125463 1
1.190526 0.252503 0.172919 1
1.117343 0.465040 0.115697 1
0.646081 0.625034 0.032133 1
0.835151 1.094743 0.162716 1
2.775583 1.782203 0.359831 1
1.123849 1.747650 0.302823 1
0.549704 -0.019864 0.001200 1
0.584286 0.622489 0.082161 1
0.947172 1.377046 0.149100 1
0.700135 1.391407 0.127917 1
0.588703 0.804635 0.205915 1
0.577339 1.061421 0.074072 1
0.612244 1.027699 0.058537 1
0.451988 1.022946 0.002557 1
0.704332 1.321900 0.106468 1
0.662369 1.541407 0.152741 1
0.445737 1.017230 0.002225 1
0.369954 0.991627 0.004779 1
0.463803 0.897388 0.002565 1
0.703169 1.346820 0.109497 1
3.655089 1.620549 0.369586 1
0.316187 1.895596 0.071023 1
0.922518 1.819881 0.159271 1
0.680245 1.300051 0.159667 1
1.510007 1.704652 0.167668 1
1.127293 1.855694 0.248023 1
1.051513 1.519369 0.243597 1
1.129724 1.466772 0.158893 1
2.357002 1.709988 0.187680 1
2.935378 1.655801 0.245535 1
2.234968 1.658252 0.297723 1
2.495215 1.571237 0.299022 1
3.528520 1.647109 0.209431 1
2.725700 1.554009 0.248446 1
2.025876 1.481563 0.249368 1
1.303546 1.368942 0.233218 1
3.007120 1.418786 0.304269 1