a b c
0.695820 0.532046 0.328480
0.668840 1.252972 0.061024
1.156412 2.758400 0.225501
1.250443 0.681638 0.328178
0.342285 1.326606 0.128931
0.582376 0.210938 0.122862
0.454036 -0.997262 0.202220
1.099127 1.912860 0.055534
0.588376 1.898751 0.279652
0.789601 1.056609 0.274952
0.361142 -1.398025 0.222261
0.730374 0.151557 0.211135
0.549842 1.080136 0.097285
1.187360 1.965842 0.173021
0.580570 -0.764554 0.204117
0.820578 0.446745 0.293211
0.932951 0.079623 0.372641
0.983835 0.781239 0.157760
0.273772 3.123964 0.125492
0.949104 1.686691 0.167600
0.472877 0.560534 0.086822
1.006830 0.874016 0.104823
0.252951 -0.658118 0.221794
0.388575 -1.363594 0.222162
0.818342 0.347605 0.238039
2.045358 2.401316 0.159788
1.047590 1.232805 0.296274
0.936407 1.642073 0.160774
1.078712 1.788119 0.192432
0.324943 1.045790 0.260829
0.372236 -1.354841 0.257210
0.552108 0.579338 0.273769
0.655321 0.221192 0.101697
0.398682 2.744981 0.171667
0.508960 -0.252063 0.190065
0.820046 3.109328 0.210396
0.548808 2.044523 0.122347
0.408354 1.053220 0.189453
0.824352 0.884882 0.094236
0.321039 5.457580 0.281681
0.596343 0.838795 0.166771
0.911509 0.043233 0.229128
0.171999 5.615475 0.218144
0.725072 -0.936910 0.204666
1.562599 2.257970 0.181365
0.728608 1.810092 0.142370
1.664740 1.236109 0.173286
0.478358 0.180022 0.368276
1.164384 1.198391 0.211703
0.637837 2.749862 0.220673
0.967019 1.749822 0.176121
0.906992 1.508468 0.064921
1.326556 1.278469 0.167366
0.961493 2.715788 0.185613
0.355604 -0.554865 0.197887
0.875818 1.269447 0.291009
0.526009 1.907313 0.174624
1.252653 2.041913 0.220134
1.608411 1.523235 0.155906
1.286241 0.704900 0.226566
1.095791 0.841625 0.263849
1.011873 2.902032 0.176686
0.742416 1.577086 0.172640
1.989647 2.040366 0.195966
1.091647 2.633648 0.060861
1.677729 2.051668 0.145128
0.945082 2.886553 0.125822
0.942863 1.194390 0.111208
1.258958 1.618494 0.181938
0.302673 4.538927 0.056089
1.096677 1.844003 0.155222
0.791629 3.028084 0.138705
2.105821 1.521775 0.156003
0.879388 1.982809 0.114135
1.489058 2.101723 0.254160
0.351014 -1.656748 0.199337
1.160672 0.860012 0.235284
0.619974 0.770360 0.246438
0.587201 1.709928 0.272495
0.971253 1.693731 0.273051
0.995736 -0.394744 0.161748
1.164225 2.071544 0.324308
1.659772 2.634056 0.266125
0.588017 2.599186 0.168411
1.080834 1.693711 0.205167
0.875748 0.901207 0.130771
0.606757 2.141292 0.176941
0.871309 3.078802 0.117945
1.357941 1.898910 0.090963
1.189988 2.145210 0.102627
1.407766 1.785714 0.186996
1.659901 2.352423 0.190065
0.798007 0.330907 0.232614
0.838353 -0.686907 0.182720
1.441992 1.083831 0.172430
2.041686 2.175913 0.173058
2.098710 1.038709 0.186208
1.502822 2.250038 0.126675
1.300548 1.226690 0.200059
1.310496 0.688876 0.161210
2.119721 1.857355 0.182216
1.724501 2.063871 0.203027
0.817420 0.275487 0.172388
1.008020 0.391230 0.147529
1.668988 1.757104 0.306037
0.603812 -1.889155 0.200996
0.349730 0.809296 0.163224
0.400836 1.742058 0.168122
1.308536 2.948053 0.175857
0.918313 -0.397204 0.193038
2.276094 2.033383 0.143887
1.837337 1.512034 0.188354
1.132162 1.326472 0.156133
1.331633 0.282387 0.218393
1.191703 0.822164 0.181664
1.665165 2.934426 0.131114
1.141240 1.030996 0.131980
0.826840 -0.556913 0.178739
0.776226 1.731133 0.092595
0.970631 2.633380 0.120141
1.019570 1.280011 0.161198
1.237603 -0.011802 0.265266
0.669791 2.929303 0.213394
0.640849 0.615131 0.189916
0.793943 -0.183957 0.119951
0.734947 0.421857 0.265635
1.584426 1.541663 0.258326
0.867500 1.148734 0.284345
1.161220 0.233077 0.163302
0.304619 1.327275 0.141768
1.177922 1.772377 0.176104
1.074759 1.117374 0.099064
1.552377 1.879563 0.244215
0.896925 -0.413517 0.180338
0.718531 1.717514 0.195195
0.309093 0.320937 0.201354
0.863314 1.293825 0.223578
0.265671 2.424974 0.196636
0.617233 -0.751763 0.115057
0.558657 2.566220 0.114370
0.463792 -1.857881 0.225746
0.610372 0.630305 0.096600
0.547801 0.108778 0.135453
0.565551 1.121884 0.088154
0.535438 -2.283348 0.221910
0.601071 -0.521113 0.183211
0.395887 2.436577 0.116307
0.184160 3.574483 0.244508
0.895089 0.538065 0.211114
0.879357 -0.007175 0.343830
0.709644 1.562259 0.163670
0.326319 -0.726289 0.155073
0.454544 2.347588 0.218538
0.762380 0.889126 0.183436
0.486601 1.416555 0.120758
0.303158 2.842504 0.155598
0.784604 2.815816 0.120818
1.094040 1.409981 0.168958
0.441186 -0.448577 0.245663
0.636472 0.462793 0.236587
0.814062 0.986988 0.218810
0.839769 -0.013388 0.288435
0.968458 1.865873 0.210502
0.752734 3.934378 0.283005
0.246920 3.000054 0.236194
1.140570 2.219156 0.142600
0.843139 0.475171 0.140400
0.772721 0.079454 0.181910
0.724998 1.608572 0.268537
0.505454 -0.565910 0.154609
0.719636 2.290974 0.184415
0.367715 0.767830 0.192656
0.320555 3.008358 0.190278
0.721480 0.820893 0.220009
0.344106 3.140410 0.229441