a b c d
0.887299 1.658498 0.368246 1
0.818182 0.000000 0.227273 1
0.928106 1.698109 0.382083 1
0.818182 0.000000 0.227273 1
0.308828 1.845937 0.130470 1
0.818182 0.000000 0.227273 1
0.411901 2.028538 0.109939 1
0.818182 0.000000 0.227273 1
0.624148 -0.169777 0.162541 1
0.818182 0.000000 0.227273 1
0.997203 0.160838 0.136388 1
0.818182 0.000000 0.227273 1
0.925208 0.177077 0.094257 1
0.818182 0.000000 0.227273 1
1.100537 0.104577 0.072393 1
0.818182 0.000000 0.227273 1
1.307345 0.116132 0.132604 1
0.818182 0.000000 0.227273 1
1.289523 0.363581 0.096955 1
0.818182 0.000000 0.227273 1
0.739275 0.704671 0.077737 1
0.818182 0.000000 0.227273 1
0.887607 0.905448 0.125827 1
0.818182 0.000000 0.227273 1
1.663943 2.216893 0.368284 1
0.818182 0.000000 0.227273 1
1.091009 2.217149 0.337519 1
0.818182 0.000000 0.227273 1
0.899424 0.564089 0.255860 1
0.818182 0.000000 0.227273 1
1.212892 0.961796 0.253920 1
0.818182 0.000000 0.227273 1
1.358425 1.213854 0.160532 1
0.818182 0.000000 0.227273 1
0.923173 1.345384 0.158643 1
0.818182 0.000000 0.227273 1
1.007788 1.149333 0.344254 1
0.818182 0.000000 0.227273 1
1.627805 1.201760 0.245470 1
0.818182 0.000000 0.227273 1
1.898309 1.104522 0.214609 1
0.818182 0.000000 0.227273 1
1.223761 1.230643 0.203952 1
0.818182 0.000000 0.227273 1
1.468946 1.279588 0.201213 1
