a b c d
2.464019 1.428539 0.380250 1
2.995539 1.405809 0.382649 1
2.429920 1.616895 0.315163 1
2.637538 1.553247 0.246451 1
0.789781 0.138356 0.272361 1
1.345976 0.455389 0.234528 1
1.175196 0.570184 0.226242 1
1.071930 0.239463 0.121355 1
1.176724 0.242201 0.168695 1
1.107417 0.458985 0.113275 1
0.637774 0.614168 0.027315 1
0.828629 1.092086 0.161235 1
2.683957 1.792035 0.359344 1
1.116167 1.746541 0.302007 1
0.548225 -0.022093 0.000631 1
0.591736 0.638250 0.088332 1
0.938488 1.380660 0.148638 1
0.697226 1.393020 0.127562 1
0.598902 0.817853 0.211125 1
0.588749 1.074044 0.080294 1
0.621330 1.037613 0.063440 1
0.449197 1.022537 0.001407 1
0.704912 1.326657 0.107559 1
0.659070 1.546551 0.152741 1
0.442227 1.018301 0.001104 1
0.369067 0.987912 0.003647 1
0.462422 0.895040 0.001580 1
0.706246 1.347169 0.110283 1
2.993393 1.636176 0.367882 1
0.338928 1.949172 0.093134 1
0.925389 1.819396 0.159407 1
0.681476 1.300617 0.160081 1
1.496642 1.712311 0.167712 1
1.100925 1.868331 0.247137 1
1.045494 1.523227 0.243521 1
1.118133 1.470740 0.158465 1
2.193758 1.724805 0.186432 1
2.677704 1.669134 0.244448 1
2.096782 1.668904 0.296473 1
2.264915 1.577822 0.296906 1
2.993657 1.668779 0.208367 1
2.502778 1.565296 0.247472 1
1.858310 1.486799 0.246506 1
1.237986 1.369658 0.229321 1
2.762176 1.420797 0.302958 1
