a b c d
1.659901 2.352423 0.190065 1
0.798007 0.330907 0.232614 1
0.838353 -0.686907 0.182720 1
1.441992 1.083831 0.172430 1
2.041686 2.175913 0.173058 1
2.098710 1.038709 0.186208 1
1.502822 2.250038 0.126675 1
1.300548 1.226690 0.200059 1
1.310496 0.688876 0.161210 1
2.119721 1.857355 0.182216 1
1.724501 2.063871 0.203027 1
0.817420 0.275487 0.172388 1
1.008020 0.391230 0.147529 1
1.668988 1.757104 0.306037 1
0.603812 -1.889155 0.200996 1
0.349730 0.809296 0.163224 1
0.400836 1.742058 0.168122 1
1.308536 2.948053 0.175857 1
0.918313 -0.397204 0.193038 1
2.276094 2.033383 0.143887 1
1.837337 1.512034 0.188354 1
1.132162 1.326472 0.156133 1
1.331633 0.282387 0.218393 1
1.191703 0.822164 0.181664 1
1.665165 2.934426 0.131114 1
1.141240 1.030996 0.131980 1
0.826840 -0.556913 0.178739 1
0.776226 1.731133 0.092595 1
0.970631 2.633380 0.120141 1
1.019570 1.280011 0.161198 1
1.237603 -0.011802 0.265266 1
0.669791 2.929303 0.213394 1
0.640849 0.615131 0.189916 1
0.793943 -0.183957 0.119951 1
0.734947 0.421857 0.265635 1
1.584426 1.541663 0.258326 1
0.867500 1.148734 0.284345 1
1.161220 0.233077 0.163302 1
0.304619 1.327275 0.141768 1
1.177922 1.772377 0.176104 1
1.074759 1.117374 0.099064 1
1.552377 1.879563 0.244215 1
0.896925 -0.413517 0.180338 1
0.718531 1.717514 0.195195 1
0.309093 0.320937 0.201354 1