a b c d
1.011571 1.749859 0.155396 1
1.721455 2.458356 0.192743 1
0.877367 0.219297 0.206567 1
1.061352 -0.717274 0.121460 1
1.493235 1.074695 0.177247 1
1.992664 2.272498 0.174244 1
2.551460 0.956507 0.179301 1
1.664031 2.289816 0.130266 1
1.268710 1.116495 0.178832 1
1.755037 0.618851 0.164998 1
2.318187 1.810228 0.178430 1
1.793008 2.013570 0.199246 1
0.846038 0.043972 0.088782 1
1.059675 0.259887 0.106991 1
1.459457 1.756680 0.298832 1
0.698024 -1.772102 0.166037 1
0.395170 0.671245 0.153901 1
0.416976 1.494270 0.142307 1
1.111806 3.050098 0.172451 1
1.014345 -0.532940 0.112840 1
2.276351 2.086546 0.143896 1
1.918422 1.456290 0.182675 1
1.175249 1.253019 0.148663 1
1.834180 0.262882 0.231134 1
1.512501 0.818487 0.205823 1
1.456899 3.151003 0.131007 1
1.252654 0.990920 0.136267 1
0.922177 -0.494948 0.204333 1
0.729969 1.633749 0.069707 1
0.959560 2.687646 0.121015 1
0.979648 1.179830 0.139449 1
1.127849 -0.292369 0.138067 1
1.055470 2.491104 0.227285 1
0.823183 0.622339 0.221762 1
0.845610 -0.208291 0.114370 1
0.755283 0.184507 0.199710 1
1.871779 1.529400 0.264693 1
0.901388 0.980927 0.259520 1
1.166184 0.120859 0.124394 1
0.361575 1.200495 0.152880 1
1.269002 1.751505 0.179489 1
1.037943 1.102615 0.095641 1
1.956097 1.832561 0.247850 1
1.136804 -0.460857 0.135130 1
0.729707 1.641151 0.188601 1
