a b c d
0.828000 1.395000 0.141000 1
3.511000 1.568000 0.269000 1
3.071000 1.942000 0.253000 1
3.792000 1.848000 0.201000 1
1.688000 0.367000 0.219000 1
2.530000 0.300000 0.124000 1
2.123000 0.441000 0.139000 1
1.862000 -0.718000 0.025000 1
1.329000 -1.494000 0.002000 1
1.708000 -0.343000 0.164000 1
1.519000 -0.373000 0.024000 1
1.622000 0.045000 0.106000 1
5.415000 2.111000 0.143000 1
1.486000 1.772000 0.108000 1
2.166000 -0.312000 0.128000 1
2.157000 0.012000 0.092000 1
2.661000 0.471000 0.198000 1
0.648000 0.366000 0.004000 1
2.724000 1.331000 0.209000 1
2.359000 1.203000 0.141000 1
2.931000 1.182000 0.187000 1
2.675000 1.128000 0.136000 1
2.465000 1.240000 0.103000 1
1.258000 1.721000 0.163000 1
2.370000 1.452000 0.150000 1
1.465000 0.421000 0.130000 1
3.025000 1.003000 0.177000 1
3.211000 0.891000 0.168000 1
2.906000 1.938000 0.204000 1
0.500000 0.796000 0.003000 1
2.446000 2.472000 0.188000 1
3.297000 2.420000 0.126000 1
3.314000 2.757000 0.129000 1
2.520000 2.823000 0.168000 1
1.719000 2.443000 0.207000 1
2.866000 2.423000 0.127000 1
4.152000 2.227000 0.176000 1
4.544000 2.006000 0.208000 1
1.900000 2.038000 0.169000 1
2.486000 1.748000 0.279000 1
4.696000 1.614000 0.178000 1
3.695000 1.215000 0.180000 1
2.044000 1.325000 0.304000 1
1.783000 0.966000 0.293000 1
1.887000 0.724000 0.177000 1
